9367535629
9127093606
9261879202
9375922897
9361293194
9784503610
9632061554
9765693745
9254744307
9868843149
9206892664
9950487172
9722610615
9949091771
9159776736
9563948129
9390885096
9385611598
9481030444
9476317596
9217857418
9597538831
9896433386
9048889776
9430309254
9059469224
9775481289
9368021051
9108506462
9586284724
9062990813
9110340391
9969338056
9640046267
9569872829
9960276132
9159914910
9758704804
9296104222
9055290283
9804091962
9544993605
9029435174
9314694226
9412889288
9868383338
9047689068
9790333732
9652658796
9041048708
9624793928
9301789154
9925749945
9935708199
9782534902
9019621207
9311905677
9406474858
9260664628
9960701013
9772645202
9909945103
9788604676
9097597853
9383793787
9419098858
9437138097
9993243712
9202175174
9171117040
9851662196
9480810229
9756463797
9491706085
9394154155
9498385222
9703463633
9443972589
9024765713
9338510876
9350804113
9593415083
9565990763
9761506508
9122691042
9740328037
9003492742
9524438608
9922318342
9245175716
